{
  "0": [
    [
      -0.9999980330467224,
      0.0005140340654179454,
      -0.0019293042132630944,
      0.35763540863990784
    ],
    [
      0.0019966086838394403,
      0.2574530839920044,
      -0.9662887454032898,
      1.0058507919311523
    ],
    [
      -5.854691731421724e-18,
      -0.9662906527519226,
      -0.257453590631485,
      0.8969681859016418
    ],
    [
      0.0,
      0.0,
      0.0,
      1.0
    ]
  ],
  "1": [
    [
      -0.9999980330467224,
      0.0005140340654179454,
      -0.0019293042132630944,
      0.35763540863990784
    ],
    [
      0.0019966086838394403,
      0.2574530839920044,
      -0.9662887454032898,
      1.0058507919311523
    ],
    [
      -5.854691731421724e-18,
      -0.9662906527519226,
      -0.257453590631485,
      0.8969681859016418
    ],
    [
      0.0,
      0.0,
      0.0,
      1.0
    ]
  ],
  "2": [
    [
      -0.9999980330467224,
      0.0005140340654179454,
      -0.0019293042132630944,
      0.35763540863990784
    ],
    [
      0.0019966086838394403,
      0.2574530839920044,
      -0.9662887454032898,
      1.0058507919311523
    ],
    [
      -5.854691731421724e-18,
      -0.9662906527519226,
      -0.257453590631485,
      0.8969681859016418
    ],
    [
      0.0,
      0.0,
      0.0,
      1.0
    ]
  ],
  "3": [
    [
      -0.9999980330467224,
      0.0005140340654179454,
      -0.0019293042132630944,
      0.35763540863990784
    ],
    [
      0.0019966086838394403,
      0.2574530839920044,
      -0.9662887454032898,
      1.0058507919311523
    ],
    [
      -5.854691731421724e-18,
      -0.9662906527519226,
      -0.257453590631485,
      0.8969681859016418
    ],
    [
      0.0,
      0.0,
      0.0,
      1.0
    ]
  ],
  "4": [
    [
      -0.9999980330467224,
      0.0005140340654179454,
      -0.0019293042132630944,
      0.3574952483177185
    ],
    [
      0.0019966086838394403,
      0.2574530839920044,
      -0.9662887454032898,
      0.9356509447097778
    ],
    [
      -5.854691731421724e-18,
      -0.9662906527519226,
      -0.257453590631485,
      0.8969681859016418
    ],
    [
      0.0,
      0.0,
      0.0,
      1.0
    ]
  ],
  "5": [
    [
      -0.9999980330467224,
      0.0005140340654179454,
      -0.0019293042132630944,
      0.3573630750179291
    ],
    [
      0.0019966086838394403,
      0.2574530839920044,
      -0.9662887454032898,
      0.869451105594635
    ],
    [
      -5.854691731421724e-18,
      -0.9662906527519226,
      -0.257453590631485,
      0.8969681859016418
    ],
    [
      0.0,
      0.0,
      0.0,
      1.0
    ]
  ],
  "6": [
    [
      -0.9999980330467224,
      0.0005140340654179454,
      -0.0019293042132630944,
      0.3573630750179291
    ],
    [
      0.0019966086838394403,
      0.2574530839920044,
      -0.9662887454032898,
      0.869451105594635
    ],
    [
      -5.854691731421724e-18,
      -0.9662906527519226,
      -0.257453590631485,
      0.8969681859016418
    ],
    [
      0.0,
      0.0,
      0.0,
      1.0
    ]
  ],
  "7": [
    [
      -0.9999980330467224,
      0.0005140340654179454,
      -0.0019293042132630944,
      0.3573630750179291
    ],
    [
      0.0019966086838394403,
      0.2574530839920044,
      -0.9662887454032898,
      0.869451105594635
    ],
    [
      -5.854691731421724e-18,
      -0.9662906527519226,
      -0.257453590631485,
      0.8969681859016418
    ],
    [
      0.0,
      0.0,
      0.0,
      1.0
    ]
  ],
  "8": [
    [
      -0.9999980330467224,
      0.0005140340654179454,
      -0.0019293042132630944,
      0.3573630750179291
    ],
    [
      0.0019966086838394403,
      0.2574530839920044,
      -0.9662887454032898,
      0.869451105594635
    ],
    [
      -5.854691731421724e-18,
      -0.9662906527519226,
      -0.257453590631485,
      0.8969681859016418
    ],
    [
      0.0,
      0.0,
      0.0,
      1.0
    ]
  ],
  "9": [
    [
      -0.9999980330467224,
      0.0005140340654179454,
      -0.0019293042132630944,
      0.357496052980423
    ],
    [
      0.0019966086838394403,
      0.2574530839920044,
      -0.9662887454032898,
      0.9360509514808655
    ],
    [
      -5.854691731421724e-18,
      -0.9662906527519226,
      -0.257453590631485,
      0.8969681859016418
    ],
    [
      0.0,
      0.0,
      0.0,
      1.0
    ]
  ],
  "10": [
    [
      -0.9999980330467224,
      0.0005140340654179454,
      -0.0019293042132630944,
      0.3576294183731079
    ],
    [
      0.0019966086838394403,
      0.2574530839920044,
      -0.9662887454032898,
      1.002850890159607
    ],
    [
      -5.854691731421724e-18,
      -0.9662906527519226,
      -0.257453590631485,
      0.8969681859016418
    ],
    [
      0.0,
      0.0,
      0.0,
      1.0
    ]
  ],
  "11": [
    [
      -0.9999980330467224,
      0.0005140340654179454,
      -0.0019293042132630944,
      0.3576294183731079
    ],
    [
      0.0019966086838394403,
      0.2574530839920044,
      -0.9662887454032898,
      1.002850890159607
    ],
    [
      -5.854691731421724e-18,
      -0.9662906527519226,
      -0.257453590631485,
      0.8969681859016418
    ],
    [
      0.0,
      0.0,
      0.0,
      1.0
    ]
  ],
  "12": [
    [
      -0.9999980330467224,
      0.0005140340654179454,
      -0.0019293042132630944,
      0.3576294183731079
    ],
    [
      0.0019966086838394403,
      0.2574530839920044,
      -0.9662887454032898,
      1.002850890159607
    ],
    [
      -5.854691731421724e-18,
      -0.9662906527519226,
      -0.257453590631485,
      0.8969681859016418
    ],
    [
      0.0,
      0.0,
      0.0,
      1.0
    ]
  ],
  "13": [
    [
      -0.9999980330467224,
      0.0005140340654179454,
      -0.0019293042132630944,
      0.3576294183731079
    ],
    [
      0.0019966086838394403,
      0.2574530839920044,
      -0.9662887454032898,
      1.002850890159607
    ],
    [
      -5.854691731421724e-18,
      -0.9662906527519226,
      -0.257453590631485,
      0.8969681859016418
    ],
    [
      0.0,
      0.0,
      0.0,
      1.0
    ]
  ],
  "14": [
    [
      -0.9999980330467224,
      0.0005140340654179454,
      -0.0019293042132630944,
      0.3577691912651062
    ],
    [
      0.0019966086838394403,
      0.2574530839920044,
      -0.9662887454032898,
      1.0728507041931152
    ],
    [
      -5.854691731421724e-18,
      -0.9662906527519226,
      -0.257453590631485,
      0.8969681859016418
    ],
    [
      0.0,
      0.0,
      0.0,
      1.0
    ]
  ],
  "15": [
    [
      -0.9999980330467224,
      0.0005140340654179454,
      -0.0019293042132630944,
      0.3577691912651062
    ],
    [
      0.0019966086838394403,
      0.2574530839920044,
      -0.9662887454032898,
      1.0728507041931152
    ],
    [
      -5.854691731421724e-18,
      -0.9662906527519226,
      -0.257453590631485,
      0.8969681859016418
    ],
    [
      0.0,
      0.0,
      0.0,
      1.0
    ]
  ],
  "16": [
    [
      -0.9999980330467224,
      0.0005140340654179454,
      -0.0019293042132630944,
      0.3577691912651062
    ],
    [
      0.0019966086838394403,
      0.2574530839920044,
      -0.9662887454032898,
      1.0728507041931152
    ],
    [
      -5.854691731421724e-18,
      -0.9662906527519226,
      -0.257453590631485,
      0.8969681859016418
    ],
    [
      0.0,
      0.0,
      0.0,
      1.0
    ]
  ],
  "17": [
    [
      -0.9999980330467224,
      0.0005140340654179454,
      -0.0019293042132630944,
      0.3577691912651062
    ],
    [
      0.0019966086838394403,
      0.2574530839920044,
      -0.9662887454032898,
      1.0728507041931152
    ],
    [
      -5.854691731421724e-18,
      -0.9662906527519226,
      -0.257453590631485,
      0.8969681859016418
    ],
    [
      0.0,
      0.0,
      0.0,
      1.0
    ]
  ],
  "18": [
    [
      -0.9999980330467224,
      0.0005140340654179454,
      -0.0019293042132630944,
      0.3579045534133911
    ],
    [
      0.0019966086838394403,
      0.2574530839920044,
      -0.9662887454032898,
      1.1406505107879639
    ],
    [
      -5.854691731421724e-18,
      -0.9662906527519226,
      -0.257453590631485,
      0.8969681859016418
    ],
    [
      0.0,
      0.0,
      0.0,
      1.0
    ]
  ],
  "19": [
    [
      -0.9999980330467224,
      0.0005140340654179454,
      -0.0019293042132630944,
      0.35796964168548584
    ],
    [
      0.0019966086838394403,
      0.2574530839920044,
      -0.9662887454032898,
      1.1732505559921265
    ],
    [
      -5.854691731421724e-18,
      -0.9662906527519226,
      -0.257453590631485,
      0.8969681859016418
    ],
    [
      0.0,
      0.0,
      0.0,
      1.0
    ]
  ],
  "20": [
    [
      -0.9999980330467224,
      0.0005140340654179454,
      -0.0019293042132630944,
      0.35796964168548584
    ],
    [
      0.0019966086838394403,
      0.2574530839920044,
      -0.9662887454032898,
      1.1732505559921265
    ],
    [
      -5.854691731421724e-18,
      -0.9662906527519226,
      -0.257453590631485,
      0.8969681859016418
    ],
    [
      0.0,
      0.0,
      0.0,
      1.0
    ]
  ],
  "21": [
    [
      -0.9999980330467224,
      0.0005140340654179454,
      -0.0019293042132630944,
      0.35796964168548584
    ],
    [
      0.0019966086838394403,
      0.2574530839920044,
      -0.9662887454032898,
      1.1732505559921265
    ],
    [
      -5.854691731421724e-18,
      -0.9662906527519226,
      -0.257453590631485,
      0.8969681859016418
    ],
    [
      0.0,
      0.0,
      0.0,
      1.0
    ]
  ],
  "22": [
    [
      -0.9999980330467224,
      0.0005140340654179454,
      -0.0019293042132630944,
      0.35796964168548584
    ],
    [
      0.0019966086838394403,
      0.2574530839920044,
      -0.9662887454032898,
      1.1732505559921265
    ],
    [
      -5.854691731421724e-18,
      -0.9662906527519226,
      -0.257453590631485,
      0.8969681859016418
    ],
    [
      0.0,
      0.0,
      0.0,
      1.0
    ]
  ],
  "23": [
    [
      -0.9999980330467224,
      0.0005140340654179454,
      -0.0019293042132630944,
      0.357830673456192
    ],
    [
      0.0019966086838394403,
      0.2574530839920044,
      -0.9662887454032898,
      1.103650689125061
    ],
    [
      -5.854691731421724e-18,
      -0.9662906527519226,
      -0.257453590631485,
      0.8969681859016418
    ],
    [
      0.0,
      0.0,
      0.0,
      1.0
    ]
  ],
  "24": [
    [
      -0.9999980330467224,
      0.0005140340654179454,
      -0.0019293042132630944,
      0.35758909583091736
    ],
    [
      0.0019966086838394403,
      0.2574530839920044,
      -0.9662887454032898,
      0.982650876045227
    ],
    [
      -5.854691731421724e-18,
      -0.9662906527519226,
      -0.257453590631485,
      0.8969681859016418
    ],
    [
      0.0,
      0.0,
      0.0,
      1.0
    ]
  ],
  "25": [
    [
      -0.9999980330467224,
      0.0005140340654179454,
      -0.0019293042132630944,
      0.3575212061405182
    ],
    [
      0.0019966086838394403,
      0.2574530839920044,
      -0.9662887454032898,
      0.9486509561538696
    ],
    [
      -5.854691731421724e-18,
      -0.9662906527519226,
      -0.257453590631485,
      0.8969681859016418
    ],
    [
      0.0,
      0.0,
      0.0,
      1.0
    ]
  ],
  "26": [
    [
      -0.9999980330467224,
      0.0005140340654179454,
      -0.0019293042132630944,
      0.3575212061405182
    ],
    [
      0.0019966086838394403,
      0.2574530839920044,
      -0.9662887454032898,
      0.9486509561538696
    ],
    [
      -5.854691731421724e-18,
      -0.9662906527519226,
      -0.257453590631485,
      0.8969681859016418
    ],
    [
      0.0,
      0.0,
      0.0,
      1.0
    ]
  ],
  "27": [
    [
      -0.9999980330467224,
      0.0005140340654179454,
      -0.0019293042132630944,
      0.3575212061405182
    ],
    [
      0.0019966086838394403,
      0.2574530839920044,
      -0.9662887454032898,
      0.9486509561538696
    ],
    [
      -5.854691731421724e-18,
      -0.9662906527519226,
      -0.257453590631485,
      0.8969681859016418
    ],
    [
      0.0,
      0.0,
      0.0,
      1.0
    ]
  ],
  "28": [
    [
      -0.9999980330467224,
      0.0005140340654179454,
      -0.0019293042132630944,
      0.3573850393295288
    ],
    [
      0.0019966086838394403,
      0.2574530839920044,
      -0.9662887454032898,
      0.8804510831832886
    ],
    [
      -5.854691731421724e-18,
      -0.9662906527519226,
      -0.257453590631485,
      0.8969681859016418
    ],
    [
      0.0,
      0.0,
      0.0,
      1.0
    ]
  ],
  "29": [
    [
      -0.9999980330467224,
      0.0005140340654179454,
      -0.0019293042132630944,
      0.3573850393295288
    ],
    [
      0.0019966086838394403,
      0.2574530839920044,
      -0.9662887454032898,
      0.8804510831832886
    ],
    [
      -5.854691731421724e-18,
      -0.9662906527519226,
      -0.257453590631485,
      0.8969681859016418
    ],
    [
      0.0,
      0.0,
      0.0,
      1.0
    ]
  ],
  "30": [
    [
      -0.9999980330467224,
      0.0005140340654179454,
      -0.0019293042132630944,
      0.3573850393295288
    ],
    [
      0.0019966086838394403,
      0.2574530839920044,
      -0.9662887454032898,
      0.8804510831832886
    ],
    [
      -5.854691731421724e-18,
      -0.9662906527519226,
      -0.257453590631485,
      0.8969681859016418
    ],
    [
      0.0,
      0.0,
      0.0,
      1.0
    ]
  ],
  "31": [
    [
      -0.9999980330467224,
      0.0005140340654179454,
      -0.0019293042132630944,
      0.3573850393295288
    ],
    [
      0.0019966086838394403,
      0.2574530839920044,
      -0.9662887454032898,
      0.8804510831832886
    ],
    [
      -5.854691731421724e-18,
      -0.9662906527519226,
      -0.257453590631485,
      0.8969681859016418
    ],
    [
      0.0,
      0.0,
      0.0,
      1.0
    ]
  ],
  "32": [
    [
      -0.9999980330467224,
      0.0005140340654179454,
      -0.0019293042132630944,
      0.3573850393295288
    ],
    [
      0.0019966086838394403,
      0.2574530839920044,
      -0.9662887454032898,
      0.8804510831832886
    ],
    [
      -5.854691731421724e-18,
      -0.9662906527519226,
      -0.257453590631485,
      0.8969681859016418
    ],
    [
      0.0,
      0.0,
      0.0,
      1.0
    ]
  ],
  "33": [
    [
      -0.9999980330467224,
      0.0005140340654179454,
      -0.0019293042132630944,
      0.35758429765701294
    ],
    [
      0.0019966086838394403,
      0.2574530839920044,
      -0.9662887454032898,
      0.980250895023346
    ],
    [
      -5.854691731421724e-18,
      -0.9662906527519226,
      -0.257453590631485,
      0.8969681859016418
    ],
    [
      0.0,
      0.0,
      0.0,
      1.0
    ]
  ],
  "34": [
    [
      -0.9999980330467224,
      0.0005140340654179454,
      -0.0019293042132630944,
      0.35758429765701294
    ],
    [
      0.0019966086838394403,
      0.2574530839920044,
      -0.9662887454032898,
      0.980250895023346
    ],
    [
      -5.854691731421724e-18,
      -0.9662906527519226,
      -0.257453590631485,
      0.8969681859016418
    ],
    [
      0.0,
      0.0,
      0.0,
      1.0
    ]
  ],
  "35": [
    [
      -0.9999980330467224,
      0.0005140340654179454,
      -0.0019293042132630944,
      0.35758429765701294
    ],
    [
      0.0019966086838394403,
      0.2574530839920044,
      -0.9662887454032898,
      0.980250895023346
    ],
    [
      -5.854691731421724e-18,
      -0.9662906527519226,
      -0.257453590631485,
      0.8969681859016418
    ],
    [
      0.0,
      0.0,
      0.0,
      1.0
    ]
  ],
  "36": [
    [
      -0.9999998807907104,
      0.00013819817104376853,
      -0.0005177310667932034,
      0.3502495288848877
    ],
    [
      0.0005358583875931799,
      0.25790050625801086,
      -0.9661713242530823,
      0.9796408414840698
    ],
    [
      7.535205098774256e-18,
      -0.9661714434623718,
      -0.25790056586265564,
      0.8992905616760254
    ],
    [
      0.0,
      0.0,
      0.0,
      1.0
    ]
  ],
  "37": [
    [
      -0.9999951720237732,
      -0.0008069591131061316,
      0.003010160056874156,
      0.3319180905818939
    ],
    [
      -0.003116447711363435,
      0.25893428921699524,
      -0.9658899307250977,
      0.9781785011291504
    ],
    [
      9.324138683375338e-18,
      -0.9658945798873901,
      -0.2589355409145355,
      0.9046686291694641
    ],
    [
      0.0,
      0.0,
      0.0,
      1.0
    ]
  ],
  "38": [
    [
      -0.999969482421875,
      -0.0020237648859620094,
      0.007549149915575981,
      0.30833280086517334
    ],
    [
      -0.00781570840626955,
      0.25892767310142517,
      -0.9658650755882263,
      0.9780495762825012
    ],
    [
      -3.426078865054194e-17,
      -0.9658945798873901,
      -0.2589355707168579,
      0.9046686887741089
    ],
    [
      0.0,
      0.0,
      0.0,
      1.0
    ]
  ],
  "39": [
    [
      -0.999969482421875,
      -0.0020237648859620094,
      0.007549149915575981,
      0.30833280086517334
    ],
    [
      -0.00781570840626955,
      0.25892767310142517,
      -0.9658650755882263,
      0.9780495762825012
    ],
    [
      -3.426078865054194e-17,
      -0.9658945798873901,
      -0.2589355707168579,
      0.9046686887741089
    ],
    [
      0.0,
      0.0,
      0.0,
      1.0
    ]
  ],
  "40": [
    [
      -0.999969482421875,
      -0.0020237648859620094,
      0.007549149915575981,
      0.30833280086517334
    ],
    [
      -0.00781570840626955,
      0.25892767310142517,
      -0.9658650755882263,
      0.9780495762825012
    ],
    [
      -3.426078865054194e-17,
      -0.9658945798873901,
      -0.2589355707168579,
      0.9046686887741089
    ],
    [
      0.0,
      0.0,
      0.0,
      1.0
    ]
  ],
  "41": [
    [
      -0.9999316930770874,
      -0.0030347274150699377,
      0.011286229826509953,
      0.28891435265541077
    ],
    [
      -0.011687110178172588,
      0.2596467435359955,
      -0.9656329154968262,
      0.9768432974815369
    ],
    [
      3.642919299551295e-17,
      -0.9656988978385925,
      -0.25966447591781616,
      0.9084562063217163
    ],
    [
      0.0,
      0.0,
      0.0,
      1.0
    ]
  ],
  "42": [
    [
      -0.9999316930770874,
      -0.003034753492102027,
      0.01128632202744484,
      0.28891387581825256
    ],
    [
      -0.011687207035720348,
      0.25964683294296265,
      -0.9656329154968262,
      0.9768431782722473
    ],
    [
      -5.551115123125783e-17,
      -0.9656988978385925,
      -0.2596645653247833,
      0.9084566831588745
    ],
    [
      0.0,
      0.0,
      0.0,
      1.0
    ]
  ],
  "43": [
    [
      -0.9999232292175293,
      -0.0032271023374050856,
      0.01196565106511116,
      0.28538399934768677
    ],
    [
      -0.012393183074891567,
      0.2603733241558075,
      -0.9654284715652466,
      0.9757808446884155
    ],
    [
      4.85722573273506e-17,
      -0.9655026197433472,
      -0.26039332151412964,
      0.9122434258460999
    ],
    [
      0.0,
      0.0,
      0.0,
      1.0
    ]
  ],
  "44": [
    [
      -0.9999232292175293,
      -0.0032271023374050856,
      0.01196565106511116,
      0.28538399934768677
    ],
    [
      -0.012393183074891567,
      0.2603733241558075,
      -0.9654284715652466,
      0.9757808446884155
    ],
    [
      4.85722573273506e-17,
      -0.9655026197433472,
      -0.26039332151412964,
      0.9122434258460999
    ],
    [
      0.0,
      0.0,
      0.0,
      1.0
    ]
  ],
  "45": [
    [
      -0.9999232292175293,
      -0.0032271023374050856,
      0.01196565106511116,
      0.28538399934768677
    ],
    [
      -0.012393183074891567,
      0.2603733241558075,
      -0.9654284715652466,
      0.9757808446884155
    ],
    [
      4.85722573273506e-17,
      -0.9655026197433472,
      -0.26039332151412964,
      0.9122434258460999
    ],
    [
      0.0,
      0.0,
      0.0,
      1.0
    ]
  ],
  "46": [
    [
      -0.9999232292175293,
      -0.0032271267846226692,
      0.0119657376781106,
      0.2862361967563629
    ],
    [
      -0.012393273413181305,
      0.26037341356277466,
      -0.9654284715652466,
      0.9069859981536865
    ],
    [
      8.673617379884035e-19,
      -0.9655026197433472,
      -0.2603934109210968,
      0.9122439026832581
    ],
    [
      0.0,
      0.0,
      0.0,
      1.0
    ]
  ],
  "47": [
    [
      -0.9999232292175293,
      -0.0032271267846226692,
      0.0119657376781106,
      0.2862361967563629
    ],
    [
      -0.012393273413181305,
      0.26037341356277466,
      -0.9654284715652466,
      0.9069859981536865
    ],
    [
      8.673617379884035e-19,
      -0.9655026197433472,
      -0.2603934109210968,
      0.9122439026832581
    ],
    [
      0.0,
      0.0,
      0.0,
      1.0
    ]
  ],
  "48": [
    [
      -0.9999232292175293,
      -0.0032271267846226692,
      0.0119657376781106,
      0.2862361967563629
    ],
    [
      -0.012393273413181305,
      0.26037341356277466,
      -0.9654284715652466,
      0.9069859981536865
    ],
    [
      8.673617379884035e-19,
      -0.9655026197433472,
      -0.2603934109210968,
      0.9122439026832581
    ],
    [
      0.0,
      0.0,
      0.0,
      1.0
    ]
  ],
  "49": [
    [
      -0.9999232292175293,
      -0.0032271267846226692,
      0.0119657376781106,
      0.2862361967563629
    ],
    [
      -0.012393273413181305,
      0.26037341356277466,
      -0.9654284715652466,
      0.9069859981536865
    ],
    [
      8.673617379884035e-19,
      -0.9655026197433472,
      -0.2603934109210968,
      0.9122439026832581
    ],
    [
      0.0,
      0.0,
      0.0,
      1.0
    ]
  ],
  "50": [
    [
      -0.9999135732650757,
      -0.003432594006881118,
      0.01269193273037672,
      0.2824627757072449
    ],
    [
      -0.013147922232747078,
      0.2610524594783783,
      -0.9652350544929504,
      0.905981183052063
    ],
    [
      3.469446951953614e-18,
      -0.965318500995636,
      -0.2610750198364258,
      0.9157856106758118
    ],
    [
      0.0,
      0.0,
      0.0,
      1.0
    ]
  ],
  "51": [
    [
      -0.9999126195907593,
      -0.003485862398520112,
      0.012753251008689404,
      0.282144159078598
    ],
    [
      -0.013221068307757378,
      0.26363661885261536,
      -0.9645314812660217,
      0.9023250937461853
    ],
    [
      -3.642919299551295e-17,
      -0.9646157622337341,
      -0.26365965604782104,
      0.9292157888412476
    ],
    [
      0.0,
      0.0,
      0.0,
      1.0
    ]
  ],
  "52": [
    [
      -0.9999119639396667,
      -0.0035401307977735996,
      0.012788821943104267,
      0.28195932507514954
    ],
    [
      -0.01326975878328085,
      0.26675838232040405,
      -0.9636721014976501,
      0.8978596329689026
    ],
    [
      1.9081958235744878e-17,
      -0.9637569189071655,
      -0.26678186655044556,
      0.9454392194747925
    ],
    [
      0.0,
      0.0,
      0.0,
      1.0
    ]
  ],
  "53": [
    [
      -0.9999119639396667,
      -0.0035401347558945417,
      0.012788823805749416,
      0.28195932507514954
    ],
    [
      -0.013269761577248573,
      0.26675859093666077,
      -0.9636720418930054,
      0.8978593349456787
    ],
    [
      -2.0816681711721685e-17,
      -0.9637568593025208,
      -0.26678210496902466,
      0.945440411567688
    ],
    [
      0.0,
      0.0,
      0.0,
      1.0
    ]
  ],
  "54": [
    [
      -0.9999020099639893,
      -0.0037822711747139692,
      0.013479549437761307,
      0.278370201587677
    ],
    [
      -0.014000136405229568,
      0.2701331079006195,
      -0.9627211689949036,
      0.8929187059402466
    ],
    [
      -9.540979117872439e-18,
      -0.9628155827522278,
      -0.2701595723628998,
      0.9629903435707092
    ],
    [
      0.0,
      0.0,
      0.0,
      1.0
    ]
  ],
  "55": [
    [
      -0.9998911619186401,
      -0.003998271189630032,
      0.014202804304659367,
      0.27461203932762146
    ],
    [
      -0.014754857867956161,
      0.2709504961967468,
      -0.9624801874160767,
      0.8916664123535156
    ],
    [
      2.6020852139652106e-18,
      -0.9625849723815918,
      -0.27098000049591064,
      0.9672533273696899
    ],
    [
      0.0,
      0.0,
      0.0,
      1.0
    ]
  ],
  "56": [
    [
      -0.9998911619186401,
      -0.003998282831162214,
      0.0142028434202075,
      0.27461186051368713
    ],
    [
      -0.014754898846149445,
      0.2709505259990692,
      -0.9624801874160767,
      0.8916663527488708
    ],
    [
      -7.806255641895632e-17,
      -0.9625849723815918,
      -0.27098003029823303,
      0.967253565788269
    ],
    [
      0.0,
      0.0,
      0.0,
      1.0
    ]
  ],
  "57": [
    [
      -0.9998896718025208,
      -0.004045901354402304,
      0.014290589839220047,
      0.2741559147834778
    ],
    [
      -0.014852281659841537,
      0.2723793685436249,
      -0.9620752930641174,
      0.8895625472068787
    ],
    [
      1.6479873021779667e-17,
      -0.9621814489364624,
      -0.2724094092845917,
      0.9746808409690857
    ],
    [
      0.0,
      0.0,
      0.0,
      1.0
    ]
  ],
  "58": [
    [
      -0.9998896718025208,
      -0.004045901354402304,
      0.014290589839220047,
      0.2741559147834778
    ],
    [
      -0.014852281659841537,
      0.2723793685436249,
      -0.9620752930641174,
      0.8895625472068787
    ],
    [
      1.6479873021779667e-17,
      -0.9621814489364624,
      -0.2724094092845917,
      0.9746808409690857
    ],
    [
      0.0,
      0.0,
      0.0,
      1.0
    ]
  ],
  "59": [
    [
      -0.9998896718025208,
      -0.004045901354402304,
      0.014290589839220047,
      0.2741559147834778
    ],
    [
      -0.014852281659841537,
      0.2723793685436249,
      -0.9620752930641174,
      0.8895625472068787
    ],
    [
      1.6479873021779667e-17,
      -0.9621814489364624,
      -0.2724094092845917,
      0.9746808409690857
    ],
    [
      0.0,
      0.0,
      0.0,
      1.0
    ]
  ],
  "60": [
    [
      -0.9998896718025208,
      -0.004045902285724878,
      0.014290591701865196,
      0.273163765668869
    ],
    [
      -0.014852283522486687,
      0.27237939834594727,
      -0.9620752930641174,
      0.956355094909668
    ],
    [
      -1.1275702593849246e-17,
      -0.9621814489364624,
      -0.27240943908691406,
      0.97468101978302
    ],
    [
      0.0,
      0.0,
      0.0,
      1.0
    ]
  ],
  "61": [
    [
      -0.9998896718025208,
      -0.004045902285724878,
      0.014290591701865196,
      0.273163765668869
    ],
    [
      -0.014852283522486687,
      0.27237939834594727,
      -0.9620752930641174,
      0.956355094909668
    ],
    [
      -1.1275702593849246e-17,
      -0.9621814489364624,
      -0.27240943908691406,
      0.97468101978302
    ],
    [
      0.0,
      0.0,
      0.0,
      1.0
    ]
  ],
  "62": [
    [
      -0.9998889565467834,
      -0.0040985955856740475,
      0.014326216652989388,
      0.27297866344451904
    ],
    [
      -0.01490097213536501,
      0.27502503991127014,
      -0.9613215923309326,
      0.9524387121200562
    ],
    [
      3.382710778154774e-17,
      -0.9614283442497253,
      -0.27505555748939514,
      0.9884306788444519
    ],
    [
      0.0,
      0.0,
      0.0,
      1.0
    ]
  ],
  "63": [
    [
      -0.9998889565467834,
      -0.0040985955856740475,
      0.014326216652989388,
      0.27297866344451904
    ],
    [
      -0.01490097213536501,
      0.27502503991127014,
      -0.9613215923309326,
      0.9524387121200562
    ],
    [
      3.382710778154774e-17,
      -0.9614283442497253,
      -0.27505555748939514,
      0.9884306788444519
    ],
    [
      0.0,
      0.0,
      0.0,
      1.0
    ]
  ],
  "64": [
    [
      -0.9998882412910461,
      -0.0041574640199542046,
      0.014359943568706512,
      0.272803395986557
    ],
    [
      -0.014949665404856205,
      0.27806636691093445,
      -0.9604455232620239,
      0.94788658618927
    ],
    [
      3.209238430557093e-17,
      -0.9605528712272644,
      -0.2780974507331848,
      1.0042368173599243
    ],
    [
      0.0,
      0.0,
      0.0,
      1.0
    ]
  ],
  "65": [
    [
      -0.9998882412910461,
      -0.0041574640199542046,
      0.014359943568706512,
      0.272803395986557
    ],
    [
      -0.014949665404856205,
      0.27806636691093445,
      -0.9604455232620239,
      0.94788658618927
    ],
    [
      3.209238430557093e-17,
      -0.9605528712272644,
      -0.2780974507331848,
      1.0042368173599243
    ],
    [
      0.0,
      0.0,
      0.0,
      1.0
    ]
  ],
  "66": [
    [
      -0.9998882412910461,
      -0.004157467745244503,
      0.014359946362674236,
      0.2718077301979065
    ],
    [
      -0.014949668198823929,
      0.27806657552719116,
      -0.9604454636573792,
      1.0144788026809692
    ],
    [
      4.85722573273506e-17,
      -0.9605528116226196,
      -0.27809765934944153,
      1.0042378902435303
    ],
    [
      0.0,
      0.0,
      0.0,
      1.0
    ]
  ],
  "67": [
    [
      -0.9998882412910461,
      -0.004157467745244503,
      0.014359946362674236,
      0.2703038156032562
    ],
    [
      -0.014949668198823929,
      0.27806657552719116,
      -0.9604454636573792,
      1.1150676012039185
    ],
    [
      4.85722573273506e-17,
      -0.9605528116226196,
      -0.27809765934944153,
      1.0042378902435303
    ],
    [
      0.0,
      0.0,
      0.0,
      1.0
    ]
  ],
  "68": [
    [
      -0.9998882412910461,
      -0.004157467745244503,
      0.014359946362674236,
      0.2703038156032562
    ],
    [
      -0.014949668198823929,
      0.27806657552719116,
      -0.9604454636573792,
      1.1150676012039185
    ],
    [
      4.85722573273506e-17,
      -0.9605528116226196,
      -0.27809765934944153,
      1.0042378902435303
    ],
    [
      0.0,
      0.0,
      0.0,
      1.0
    ]
  ],
  "69": [
    [
      -0.9998882412910461,
      -0.004157467745244503,
      0.014359946362674236,
      0.2703038156032562
    ],
    [
      -0.014949668198823929,
      0.27806657552719116,
      -0.9604454636573792,
      1.1150676012039185
    ],
    [
      4.85722573273506e-17,
      -0.9605528116226196,
      -0.27809765934944153,
      1.0042378902435303
    ],
    [
      0.0,
      0.0,
      0.0,
      1.0
    ]
  ],
  "70": [
    [
      -0.9998882412910461,
      -0.004157467745244503,
      0.014359946362674236,
      0.2703038156032562
    ],
    [
      -0.014949668198823929,
      0.27806657552719116,
      -0.9604454636573792,
      1.1150676012039185
    ],
    [
      4.85722573273506e-17,
      -0.9605528116226196,
      -0.27809765934944153,
      1.0042378902435303
    ],
    [
      0.0,
      0.0,
      0.0,
      1.0
    ]
  ],
  "71": [
    [
      -0.9998797178268433,
      -0.00446926848962903,
      0.014851667918264866,
      0.26774874329566956
    ],
    [
      -0.015509558841586113,
      0.28812751173973083,
      -0.9574664235115051,
      1.09958815574646
    ],
    [
      -6.245004513516506e-17,
      -0.957581639289856,
      -0.2881621718406677,
      1.0565346479415894
    ],
    [
      0.0,
      0.0,
      0.0,
      1.0
    ]
  ],
  "72": [
    [
      -0.9998637437820435,
      -0.004804618656635284,
      0.0157930888235569,
      0.26285696029663086
    ],
    [
      -0.01650775596499443,
      0.2910125255584717,
      -0.9565768241882324,
      1.0949654579162598
    ],
    [
      -2.42861286636753e-17,
      -0.9567071795463562,
      -0.2910521924495697,
      1.0715515613555908
    ],
    [
      0.0,
      0.0,
      0.0,
      1.0
    ]
  ],
  "73": [
    [
      -0.9998192191123962,
      -0.005637541878968477,
      0.018160304054617882,
      0.2505565583705902
    ],
    [
      -0.019015217199921608,
      0.29642167687416077,
      -0.9548678398132324,
      1.0860854387283325
    ],
    [
      4.5102810375396984e-17,
      -0.9550405144691467,
      -0.29647526144981384,
      1.0997307300567627
    ],
    [
      0.0,
      0.0,
      0.0,
      1.0
    ]
  ],
  "74": [
    [
      -0.9998192191123962,
      -0.005637541878968477,
      0.018160304054617882,
      0.2505565583705902
    ],
    [
      -0.019015217199921608,
      0.29642167687416077,
      -0.9548678398132324,
      1.0860854387283325
    ],
    [
      4.5102810375396984e-17,
      -0.9550405144691467,
      -0.29647526144981384,
      1.0997307300567627
    ],
    [
      0.0,
      0.0,
      0.0,
      1.0
    ]
  ],
  "75": [
    [
      -0.9998192191123962,
      -0.005637541878968477,
      0.018160304054617882,
      0.2505565583705902
    ],
    [
      -0.019015217199921608,
      0.29642167687416077,
      -0.9548678398132324,
      1.0860854387283325
    ],
    [
      4.5102810375396984e-17,
      -0.9550405144691467,
      -0.29647526144981384,
      1.0997307300567627
    ],
    [
      0.0,
      0.0,
      0.0,
      1.0
    ]
  ],
  "76": [
    [
      -0.9998420476913452,
      -0.0052347867749631405,
      0.016985498368740082,
      0.2566610276699066
    ],
    [
      -0.017773861065506935,
      0.29447510838508606,
      -0.9554938673973083,
      1.0893383026123047
    ],
    [
      5.898059818321144e-17,
      -0.9556447863578796,
      -0.29452162981033325,
      1.0895793437957764
    ],
    [
      0.0,
      0.0,
      0.0,
      1.0
    ]
  ],
  "77": [
    [
      -0.9999679327011108,
      -0.002270885044708848,
      0.007682336959987879,
      0.3050016760826111
    ],
    [
      -0.008010943420231342,
      0.2834637463092804,
      -0.9589495062828064,
      1.1072943210601807
    ],
    [
      1.1709383462843448e-17,
      -0.9589802622795105,
      -0.28347283601760864,
      1.0321680307388306
    ],
    [
      0.0,
      0.0,
      0.0,
      1.0
    ]
  ],
  "78": [
    [
      -0.9999945163726807,
      -0.0009259626967832446,
      0.0031794393435120583,
      0.3283994197845459
    ],
    [
      -0.0033115316182374954,
      0.279616117477417,
      -0.9601061940193176,
      1.113304615020752
    ],
    [
      1.0842021724855044e-17,
      -0.9601114392280579,
      -0.27961766719818115,
      1.0121359825134277
    ],
    [
      0.0,
      0.0,
      0.0,
      1.0
    ]
  ],
  "79": [
    [
      -0.9999966025352478,
      -0.0007267293985933065,
      0.0025019205641001463,
      0.33191990852355957
    ],
    [
      -0.0026053295005112886,
      0.2789385914802551,
      -0.960305392742157,
      1.114339828491211
    ],
    [
      3.187554387107383e-17,
      -0.9603086709976196,
      -0.27893954515457153,
      1.0086123943328857
    ],
    [
      0.0,
      0.0,
      0.0,
      1.0
    ]
  ],
  "80": [
    [
      -0.9999999403953552,
      -9.310807945439592e-05,
      0.00032795409788377583,
      0.3432161808013916
    ],
    [
      -0.00034091496490873396,
      0.27311232686042786,
      -0.9619820713996887,
      1.1230521202087402
    ],
    [
      -1.4663834382866447e-17,
      -0.9619821310043335,
      -0.27311232686042786,
      0.9783332943916321
    ],
    [
      0.0,
      0.0,
      0.0,
      1.0
    ]
  ],
  "81": [
    [
      -0.9999932646751404,
      0.0009764702990651131,
      -0.0035446370020508766,
      0.36333873867988586
    ],
    [
      0.0036766757257282734,
      0.2655833065509796,
      -0.9640809297561646,
      1.133957862854004
    ],
    [
      -2.45029690981724e-17,
      -0.9640874266624451,
      -0.2655850946903229,
      0.939220666885376
    ],
    [
      0.0,
      0.0,
      0.0,
      1.0
    ]
  ],
  "82": [
    [
      -0.9999871850013733,
      0.0013223462738096714,
      -0.004888864699751139,
      0.3703235685825348
    ],
    [
      0.0050645433366298676,
      0.26109546422958374,
      -0.9652997255325317,
      1.1402909755706787
    ],
    [
      -1.8648277366750676e-17,
      -0.9653120636940002,
      -0.26109883189201355,
      0.9159092307090759
    ],
    [
      0.0,
      0.0,
      0.0,
      1.0
    ]
  ],
  "83": [
    [
      -0.9999830722808838,
      0.0015140624018386006,
      -0.005618826951831579,
      0.37411656975746155
    ],
    [
      0.005819244310259819,
      0.2601775527000427,
      -0.965543270111084,
      1.1415565013885498
    ],
    [
      1.431146867680866e-17,
      -0.9655596017837524,
      -0.2601819634437561,
      0.9111451506614685
    ],
    [
      0.0,
      0.0,
      0.0,
      1.0
    ]
  ],
  "84": [
    [
      -0.9999830722808838,
      0.0015140624018386006,
      -0.005618826951831579,
      0.37411656975746155
    ],
    [
      0.005819244310259819,
      0.2601775527000427,
      -0.965543270111084,
      1.1415565013885498
    ],
    [
      1.431146867680866e-17,
      -0.9655596017837524,
      -0.2601819634437561,
      0.9111451506614685
    ],
    [
      0.0,
      0.0,
      0.0,
      1.0
    ]
  ],
  "85": [
    [
      -0.9999830722808838,
      0.0015140624018386006,
      -0.005618826951831579,
      0.37411656975746155
    ],
    [
      0.005819244310259819,
      0.2601775527000427,
      -0.965543270111084,
      1.1415565013885498
    ],
    [
      1.431146867680866e-17,
      -0.9655596017837524,
      -0.2601819634437561,
      0.9111451506614685
    ],
    [
      0.0,
      0.0,
      0.0,
      1.0
    ]
  ],
  "86": [
    [
      -0.9999785423278809,
      0.0016988790594041348,
      -0.006325539667159319,
      0.3777887523174286
    ],
    [
      0.0065497057512402534,
      0.2593769431114197,
      -0.965753972530365,
      1.1426513195037842
    ],
    [
      2.0816681711721685e-17,
      -0.965774655342102,
      -0.2593825161457062,
      0.9069910049438477
    ],
    [
      0.0,
      0.0,
      0.0,
      1.0
    ]
  ],
  "87": [
    [
      -0.9999783635139465,
      0.0016957881161943078,
      -0.0063516790978610516,
      0.3779245615005493
    ],
    [
      0.006574156228452921,
      0.2579420804977417,
      -0.9661380052566528,
      1.1446468830108643
    ],
    [
      1.3010426069826053e-18,
      -0.9661588668823242,
      -0.2579476535320282,
      0.8995353579521179
    ],
    [
      0.0,
      0.0,
      0.0,
      1.0
    ]
  ],
  "88": [
    [
      -0.9999783635139465,
      0.0016865081852301955,
      -0.006354149430990219,
      0.3779374063014984
    ],
    [
      0.006574156228452921,
      0.2565305233001709,
      -0.9665137529373169,
      1.1465994119644165
    ],
    [
      -1.3444106938820255e-17,
      -0.9665346741676331,
      -0.256536066532135,
      0.8922005295753479
    ],
    [
      0.0,
      0.0,
      0.0,
      1.0
    ]
  ],
  "89": [
    [
      -0.9999783635139465,
      0.0016865081852301955,
      -0.006354149430990219,
      0.3779374063014984
    ],
    [
      0.006574156228452921,
      0.2565305233001709,
      -0.9665137529373169,
      1.1465994119644165
    ],
    [
      -1.3444106938820255e-17,
      -0.9665346741676331,
      -0.256536066532135,
      0.8922005295753479
    ],
    [
      0.0,
      0.0,
      0.0,
      1.0
    ]
  ],
  "90": [
    [
      -0.9999783635139465,
      0.0016865069046616554,
      -0.006354149896651506,
      0.3779374063014984
    ],
    [
      0.006574156228452921,
      0.2565303444862366,
      -0.9665138125419617,
      1.1465996503829956
    ],
    [
      -5.377642775528102e-17,
      -0.9665347337722778,
      -0.2565358877182007,
      0.8921995759010315
    ],
    [
      0.0,
      0.0,
      0.0,
      1.0
    ]
  ],
  "91": [
    [
      -0.9999783635139465,
      0.0016677791718393564,
      -0.006359091028571129,
      0.3779630661010742
    ],
    [
      0.006574156228452921,
      0.2536817193031311,
      -0.9672654271125793,
      1.1505050659179688
    ],
    [
      1.0625181290357943e-16,
      -0.9672862887382507,
      -0.25368720293045044,
      0.8773972988128662
    ],
    [
      0.0,
      0.0,
      0.0,
      1.0
    ]
  ],
  "92": [
    [
