[
  {
    "entity": "vga_socket",
    "obb": {
      "center": [
        0.2704921202927293,
        0.2261220732082181,
        0.8349008829378597
      ],
      "extent": [
        0.03537766175069747,
        0.011822199241650923,
        0.0061316691090621735
      ],
      "rotation": [
        [
          -0.004004375172752437,
          0.9672545151126772,
          -0.25377680739897346
        ],
        [
          0.01584254528462312,
          0.25380835519540434,
          0.9671247761234889
        ],
        [
          0.9998664804554559,
          -0.00014774012094266402,
          -0.016340117333610394
        ]
      ]
    }
  },
  {
    "entity": "ethernet_socket",
    "obb": {
      "center": [
        0.2927,
        0.216,
        0.7562
      ],
      "extent": [
        0.03537766175069747,
        0.006051,
        0.006588
      ],
      "rotation": [
        [
          -0.004004375172752437,
          0.9672545151126772,
          -0.25377680739897346
        ],
        [
          0.01584254528462312,
          0.25380835519540434,
          0.9671247761234889
        ],
        [
          0.9998664804554559,
          -0.00014774012094266402,
          -0.016340117333610394
        ]
      ]
    }
  },
  {
    "entity": "power_socket",
    "obb": {
      "center": [
        0.2911,
        0.215,
        0.5261
      ],
      "extent": [
        0.03537766175069747,
        0.011107,
        0.00976
      ],
      "rotation": [
        [
          -0.004004375172752437,
          0.9672545151126772,
          -0.25377680739897346
        ],
        [
          0.01584254528462312,
          0.25380835519540434,
          0.9671247761234889
        ],
        [
          0.9998664804554559,
          -0.00014774012094266402,
          -0.016340117333610394
        ]
      ]
    }
  },
  {
    "entity": "usb_socket",
    "obb": {
      "center": [
        0.27,
        0.1999,
        0.7738
      ],
      "extent": [
        0.03537766175069747,
        0.005592,
        0.011712
      ],
      "rotation": [
        [
          -0.004004375172752437,
          0.9672545151126772,
          -0.25377680739897346
        ],
        [
          0.01584254528462312,
          0.25380835519540434,
          0.9671247761234889
        ],
        [
          0.9998664804554559,
          -0.00014774012094266402,
          -0.016340117333610394
        ]
      ]
    }
  },
  {
    "entity": "audio_socket",
    "obb": {
      "center": [
        0.2669,
        0.1932,
        0.7335
      ],
      "extent": [
        0.03537766175069747,
        0.003447,
        0.004392
      ],
      "rotation": [
        [
          -0.004004375172752437,
          0.9672545151126772,
          -0.25377680739897346
        ],
        [
          0.01584254528462312,
          0.25380835519540434,
          0.9671247761234889
        ],
        [
          0.9998664804554559,
          -0.00014774012094266402,
          -0.016340117333610394
        ]
      ]
    }
  }
]