[
  {
    "entity": "ethernet_socket",
    "obb": {
      "center": [
        0.2898599220215552,
        0.21322803534710175,
        0.7667540445888426
      ],
      "extent": [
        0.07075532350139493,
        0.012102,
        0.013176
      ],
      "rotation": [
        [
          -0.004004375172752437,
          0.9672545151126772,
          -0.25377680739897346
        ],
        [
          0.01584254528462312,
          0.25380835519540434,
          0.9671247761234889
        ],
        [
          0.9998664804554559,
          -0.00014774012094266402,
          -0.016340117333610394
        ]
      ]
    }
  },
  {
    "entity": "power_socket",
    "obb": {
      "center": [
        0.2899405728885136,
        0.22524865969974422,
        0.5259611959614074
      ],
      "extent": [
        0.07075532350139493,
        0.022214,
        0.01952
      ],
      "rotation": [
        [
          -0.004004375172752437,
          0.9672545151126772,
          -0.25377680739897346
        ],
        [
          0.01584254528462312,
          0.25380835519540434,
          0.9671247761234889
        ],
        [
          0.9998664804554559,
          -0.00014774012094266402,
          -0.016340117333610394
        ]
      ]
    }
  },
  {
    "entity": "hdmi_socket_left",
    "obb": {
      "center": [
        0.27100077130361067,
        0.22812766653729583,
        0.800498407852552
      ],
      "extent": [
        0.07075532350139493,
        0.01155,
        0.00679
      ],
      "rotation": [
        [
          -0.004004375172752437,
          0.9672545151126772,
          -0.25377680739897346
        ],
        [
          0.01584254528462312,
          0.25380835519540434,
          0.9671247761234889
        ],
        [
          0.9998664804554559,
          -0.00014774012094266402,
          -0.016340117333610394
        ]
      ]
    }
  },
  {
    "entity": "usb_socket_top_right",
    "obb": {
      "center": [
        0.2903,
        0.2334,
        0.8783
      ],
      "extent": [
        0.07075532350139493,
        0.01001,
        0.00582
      ],
      "rotation": [
        [
          -0.004004375172752437,
          0.9672545151126772,
          -0.25377680739897346
        ],
        [
          0.01584254528462312,
          0.25380835519540434,
          0.9671247761234889
        ],
        [
          0.9998664804554559,
          -0.00014774012094266402,
          -0.016340117333610394
        ]
      ]
    }
  }
]